(No.= PL   IP ON  OFF  SV  S  UP DN LV HV LC PP  LNS  STEP LNM B_OFS S_OFS   RY)
<a1-1
<c>
C101= + 001.0 050 050 060 05 008 06 02 12 00 00 0000 0.000 300 0.020 0.018 28.0;
C101= + 001.0 040 040 060 05 008 06 02 12 00 00 0000 0.000 300 0.020 0.016 22.0;
C005= + 000.5 020 030 065 05 008 04 02 12 00 00 0000 0.000 300 0.015 0.014 17.0;
C005= + 000.5 010 020 065 05 008 04 02 12 00 00 0000 0.000 300 0.015 0.012 17.0;
C900= + 000.0 005 020 070 05 008 04 02 12 00 00 0000 0.000 300 0.010 0.004 17.0;
<ec
<n>
C401= + 001.0 040 050 060 05 008 06 02 12 00 00 0000 0.000 300 0.020 0.016 28.0;
C401= + 001.0 020 040 060 05 008 06 01 11 00 00 0000 0.000 300 0.020 0.014 22.0;
C305= + 000.5 010 030 065 05 008 04 01 11 00 00 0000 0.000 300 0.015 0.012 15.0;
C305= + 000.5 005 020 065 05 008 04 01 11 00 00 0000 0.000 300 0.015 0.010 10.0;
C900= + 000.0 003 015 070 05 008 04 01 11 00 00 0000 0.000 300 0.010 0.004 17.0;
<en
<a2-2
<c>
C102= + 002.0 060 050 060 05 008 06 02 12 00 00 0000 0.000 300 0.025 0.020 28.0;
C015= + 001.5 040 040 060 05 008 06 02 12 00 00 0000 0.000 300 0.020 0.016 22.0;
C101= + 001.0 020 030 065 05 008 04 02 12 00 00 0000 0.000 300 0.015 0.014 17.0;
C005= + 000.5 010 020 065 05 008 04 02 12 00 00 0000 0.000 300 0.015 0.012 17.0;
C900= + 000.0 003 015 070 05 008 04 02 12 00 00 0000 0.000 300 0.010 0.004 17.0;
<ec
<n>
C402= + 002.0 040 050 060 05 008 06 02 12 00 00 0000 0.000 300 0.025 0.018 28.0;
C315= + 001.5 020 040 060 05 008 06 01 11 00 00 0000 0.000 300 0.020 0.015 22.0;
C401= + 001.0 010 030 065 05 008 04 01 11 00 00 0000 0.000 300 0.015 0.012 15.0;
C305= + 000.5 005 020 065 05 008 04 01 11 00 00 0000 0.000 300 0.015 0.010 10.0;
C900= + 000.0 003 015 070 05 008 04 01 11 00 00 0000 0.000 300 0.010 0.004 17.0;
<en
<a3-3
<c>
C103= + 003.0 080 050 060 05 008 06 02 12 00 00 0000 0.000 300 0.030 0.022 28.0;
C102= + 002.0 050 040 060 05 008 06 02 12 00 00 0000 0.000 300 0.025 0.018 22.0;
C101= + 001.0 020 030 065 05 008 04 02 12 00 00 0000 0.000 300 0.020 0.015 17.0;
C005= + 000.5 010 020 065 05 008 04 02 12 00 00 0000 0.000 300 0.015 0.012 17.0;
C900= + 000.0 003 015 070 05 008 04 02 12 00 00 0000 0.000 300 0.010 0.004 17.0;
<ec
<n>
C403= + 003.0 060 050 060 05 008 06 02 12 00 00 0000 0.000 300 0.030 0.018 28.0;
C402= + 002.0 030 040 060 05 008 06 01 11 00 00 0000 0.000 300 0.025 0.015 22.0;
C401= + 001.0 010 030 065 05 008 04 01 11 00 00 0000 0.000 300 0.020 0.012 17.0;
C305= + 000.5 005 020 065 05 008 04 01 11 00 00 0000 0.000 300 0.015 0.010 17.0;
C900= + 000.0 003 015 070 05 008 04 01 11 00 00 0000 0.000 300 0.010 0.004 17.0;
<en
<a4-5
<c>
C105= + 005.0 110 060 055 05 008 08 02 12 00 00 0000 0.000 300 0.040 0.040 35.0;
C104= + 004.0 100 050 055 05 008 06 02 12 00 00 0000 0.000 300 0.035 0.030 28.0;
C103= + 003.0 060 050 060 05 008 06 02 12 00 00 0000 0.000 300 0.030 0.020 28.0;
C102= + 002.0 040 040 060 05 008 06 02 12 00 00 0000 0.000 300 0.025 0.018 22.0;
C101= + 001.0 020 030 065 05 008 04 02 12 00 00 0000 0.000 300 0.020 0.015 17.0;
C005= + 000.5 010 020 065 05 008 04 02 12 00 00 0000 0.000 300 0.015 0.012 17.0;
C900= + 000.0 003 015 070 05 008 04 02 12 00 00 0000 0.000 300 0.010 0.004 17.0;
<ec
<n>
C405= + 005.0 100 060 055 05 008 08 02 12 00 00 0000 0.000 300 0.040 0.035 35.0;
C404= + 004.0 080 060 055 05 008 06 02 12 00 00 0000 0.000 300 0.035 0.025 28.0;
C403= + 003.0 050 050 060 05 008 06 01 11 00 00 0000 0.000 300 0.030 0.018 28.0;
C402= + 002.0 030 040 060 05 008 06 01 11 00 00 0000 0.000 300 0.025 0.015 22.0;
C401= + 001.0 010 030 065 05 008 04 01 11 00 00 0000 0.000 300 0.020 0.012 17.0;
C305= + 000.5 005 020 065 05 008 04 01 11 00 00 0000 0.000 300 0.015 0.010 17.0;
C900= + 000.0 003 015 070 05 008 04 01 11 00 00 0000 0.000 300 0.010 0.004 17.0;
<en
<a6-7
<c>
C107= + 007.0 150 080 055 05 008 08 02 12 00 00 0000 0.000 300 0.050 0.050 45.0;
C105= + 005.0 130 060 055 05 008 08 02 12 00 00 0000 0.000 300 0.040 0.040 35.0;
C104= + 004.0 100 050 055 05 008 06 02 12 00 00 0000 0.000 300 0.035 0.030 28.0;
C103= + 003.0 060 050 060 05 008 06 02 12 00 00 0000 0.000 300 0.030 0.020 28.0;
C102= + 002.0 040 040 060 05 008 06 02 12 00 00 0000 0.000 300 0.025 0.018 22.0;
C101= + 001.0 020 030 065 05 008 04 02 12 00 00 0000 0.000 300 0.020 0.015 17.0;
C005= + 000.5 010 020 065 05 008 04 02 12 00 00 0000 0.000 300 0.015 0.012 17.0;
C900= + 000.0 003 015 070 05 008 04 02 12 00 00 0000 0.000 300 0.010 0.004 17.0;
<ec
<n>
C407= + 007.0 130 060 055 05 008 08 02 12 00 00 0000 0.000 300 0.050 0.045 45.0;
C405= + 005.0 100 060 055 05 008 08 02 12 00 00 0000 0.000 300 0.040 0.035 35.0;
C404= + 004.0 080 060 055 05 008 06 01 12 00 00 0000 0.000 300 0.035 0.025 28.0;
C403= + 003.0 050 050 060 05 008 06 01 11 00 00 0000 0.000 300 0.030 0.018 28.0;
C402= + 002.0 030 040 060 05 008 06 01 11 00 00 0000 0.000 300 0.025 0.015 22.0;
C401= + 001.0 010 030 065 05 008 04 01 11 00 00 0000 0.000 300 0.020 0.012 17.0;
C305= + 000.5 005 020 065 05 008 04 01 11 00 00 0000 0.000 300 0.015 0.010 17.0;
C900= + 000.0 003 015 070 05 008 04 01 11 00 00 0000 0.000 300 0.010 0.004 17.0;
<en
<a8-11
<c>
C111= + 011.0 170 100 050 05 008 10 02 12 00 00 0000 0.000 300 0.070 0.090 65.0;
C109= + 009.0 170 080 050 05 008 10 02 12 00 00 0000 0.000 300 0.060 0.070 55.0;
C107= + 007.0 150 080 055 05 008 08 02 12 00 00 0000 0.000 300 0.050 0.050 45.0;
C105= + 005.0 130 060 055 05 008 08 02 12 00 00 0000 0.000 300 0.040 0.040 35.0;
C104= + 004.0 100 050 055 05 008 06 02 12 00 00 0000 0.000 300 0.035 0.030 28.0;
C103= + 003.0 060 050 060 05 008 06 02 12 00 00 0000 0.000 300 0.030 0.020 28.0;
C102= + 002.0 040 040 060 05 008 06 02 12 00 00 0000 0.000 300 0.025 0.018 22.0;
C101= + 001.0 020 030 065 05 008 04 02 12 00 00 0000 0.000 300 0.020 0.015 17.0;
C005= + 000.5 010 020 065 05 008 04 02 12 00 00 0000 0.000 300 0.015 0.012 17.0;
<ec
<n>
C411= + 011.0 150 100 050 05 008 10 02 12 00 00 0000 0.000 300 0.070 0.085 65.0;
C409= + 009.0 150 080 050 05 008 10 02 12 00 00 0000 0.000 300 0.060 0.065 55.0;
C407= + 007.0 130 060 055 05 008 08 02 12 00 00 0000 0.000 300 0.050 0.045 45.0;
C405= + 005.0 100 060 055 05 008 08 01 11 00 00 0000 0.000 300 0.040 0.035 35.0;
C404= + 004.0 080 060 055 05 008 06 01 11 00 00 0000 0.000 300 0.035 0.025 28.0;
C403= + 003.0 050 050 060 05 008 06 01 11 00 00 0000 0.000 300 0.030 0.018 28.0;
C402= + 002.0 030 040 060 05 008 06 01 11 00 00 0000 0.000 300 0.025 0.015 22.0;
C401= + 001.0 010 030 065 05 008 04 01 11 00 00 0000 0.000 300 0.020 0.012 17.0;
C305= + 000.5 005 020 065 05 008 04 01 11 00 00 0000 0.000 300 0.015 0.010 17.0;
<en
<a12-15
<c>
C115= + 015.0 170 100 050 05 008 12 02 12 00 00 0000 0.000 300 0.090 0.130 85.0;
C113= + 013.0 170 100 050 05 008 12 02 12 00 00 0000 0.000 300 0.080 0.110 75.0;
C111= + 011.0 170 100 050 05 008 10 02 12 00 00 0000 0.000 300 0.070 0.090 65.0;
C109= + 009.0 170 080 050 05 008 10 02 12 00 00 0000 0.000 300 0.060 0.070 55.0;
C107= + 007.0 150 080 055 05 008 08 02 12 00 00 0000 0.000 300 0.050 0.050 45.0;
C105= + 005.0 130 060 055 05 008 08 02 12 00 00 0000 0.000 300 0.040 0.040 35.0;
C104= + 004.0 100 050 055 05 008 06 02 12 00 00 0000 0.000 300 0.035 0.030 28.0;
C103= + 003.0 060 050 060 05 008 06 02 12 00 00 0000 0.000 300 0.030 0.020 28.0;
C102= + 002.0 040 040 060 05 008 06 02 12 00 00 0000 0.000 300 0.025 0.018 22.0;
C101= + 001.0 020 030 065 05 008 04 02 12 00 00 0000 0.000 300 0.020 0.015 17.0;
<ec
<n>
C415= + 015.0 150 100 050 05 008 12 02 12 00 00 0000 0.000 300 0.090 0.125 85.0;
C413= + 013.0 150 100 050 05 008 12 02 12 00 00 0000 0.000 300 0.080 0.105 75.0;
C411= + 011.0 150 100 050 05 008 10 02 12 00 00 0000 0.000 300 0.070 0.085 65.0;
C409= + 009.0 150 080 050 05 008 10 02 12 00 00 0000 0.000 300 0.060 0.065 55.0;
C407= + 007.0 130 060 055 05 008 08 01 12 00 00 0000 0.000 300 0.050 0.045 45.0;
C405= + 005.0 100 060 055 05 008 08 01 11 00 00 0000 0.000 300 0.040 0.035 35.0;
C404= + 004.0 080 060 055 05 008 06 01 11 00 00 0000 0.000 300 0.035 0.025 28.0;
C403= + 003.0 050 050 060 05 008 06 01 11 00 00 0000 0.000 300 0.030 0.018 28.0;
C402= + 002.0 030 040 060 05 008 06 01 11 00 00 0000 0.000 300 0.025 0.015 22.0;
C401= + 001.0 010 030 065 05 008 04 01 11 00 00 0000 0.000 300 0.020 0.012 17.0;
<en
<a16-23
<c>
C123= + 023.0 170 110 050 05 010 15 02 12 00 00 0000 0.000 300 0.130 0.190 00.0;
C119= + 019.0 170 100 050 05 010 15 02 12 00 00 0000 0.000 300 0.110 0.150 00.0;
C115= + 015.0 170 100 050 05 008 12 02 12 00 00 0000 0.000 300 0.090 0.130 85.0;
C113= + 013.0 170 100 050 05 008 12 02 12 00 00 0000 0.000 300 0.080 0.110 75.0;
C111= + 011.0 170 100 050 05 008 10 02 12 00 00 0000 0.000 300 0.070 0.090 65.0;
C109= + 009.0 170 080 050 05 008 10 02 12 00 00 0000 0.000 300 0.060 0.070 55.0;
C107= + 007.0 150 080 055 05 008 08 02 12 00 00 0000 0.000 300 0.050 0.050 45.0;
C105= + 005.0 130 060 055 05 008 08 02 12 00 00 0000 0.000 300 0.040 0.040 35.0;
C104= + 004.0 100 050 055 05 008 06 02 12 00 00 0000 0.000 300 0.035 0.030 28.0;
C103= + 003.0 060 050 060 05 008 06 02 12 00 00 0000 0.000 300 0.030 0.020 28.0;
C102= + 002.0 040 040 060 05 008 06 02 12 00 00 0000 0.000 300 0.025 0.018 22.0;
<ec
<n>
C423= + 023.0 150 100 050 05 010 15 02 12 00 00 0000 0.000 300 0.130 0.185 00.0;
C419= + 019.0 150 100 050 05 010 15 02 12 00 00 0000 0.000 300 0.110 0.155 00.0;
C415= + 015.0 150 100 050 05 008 12 02 12 00 00 0000 0.000 300 0.090 0.125 85.0;
C413= + 013.0 150 100 050 05 008 12 02 12 00 00 0000 0.000 300 0.080 0.105 75.0;
C411= + 011.0 150 100 050 05 008 10 02 12 00 00 0000 0.000 300 0.070 0.085 65.0;
C409= + 009.0 150 080 050 05 008 10 01 11 00 00 0000 0.000 300 0.060 0.065 55.0;
C407= + 007.0 130 060 055 05 008 08 01 11 00 00 0000 0.000 300 0.050 0.045 45.0;
C405= + 005.0 100 060 055 05 008 08 01 11 00 00 0000 0.000 300 0.040 0.035 35.0;
C404= + 004.0 080 060 055 05 008 06 01 11 00 00 0000 0.000 300 0.035 0.025 28.0;
C403= + 003.0 050 050 060 05 008 06 01 11 00 00 0000 0.000 300 0.030 0.018 28.0;
C402= + 002.0 030 040 060 05 008 06 01 11 00 00 0000 0.000 300 0.025 0.015 22.0;
<en
<a24-31
<c>
C131= + 031.0 170 100 050 05 010 20 02 12 00 00 0000 0.000 300 0.170 0.270 00.0;
C127= + 027.0 170 100 050 05 010 20 02 12 00 00 0000 0.000 300 0.150 0.230 00.0;
C123= + 023.0 170 110 050 05 010 15 02 12 00 00 0000 0.000 300 0.130 0.190 00.0;
C119= + 019.0 170 100 050 05 010 15 02 12 00 00 0000 0.000 300 0.110 0.150 00.0;
C115= + 015.0 170 100 050 05 008 12 02 12 00 00 0000 0.000 300 0.090 0.130 85.0;
C113= + 013.0 170 100 050 05 008 12 02 12 00 00 0000 0.000 300 0.080 0.110 75.0;
C111= + 011.0 170 100 050 05 008 10 02 12 00 00 0000 0.000 300 0.070 0.090 65.0;
C109= + 009.0 170 080 050 05 008 10 02 12 00 00 0000 0.000 300 0.060 0.070 55.0;
C107= + 007.0 150 080 055 05 008 08 02 12 00 00 0000 0.000 300 0.050 0.050 45.0;
C105= + 005.0 130 060 055 05 008 08 02 12 00 00 0000 0.000 300 0.040 0.040 35.0;
C104= + 004.0 100 050 055 05 008 06 02 12 00 00 0000 0.000 300 0.035 0.030 28.0;
C103= + 003.0 060 050 060 05 008 06 02 12 00 00 0000 0.000 300 0.030 0.020 28.0;
<ec
<n>
C431= + 031.0 150 100 050 05 010 20 02 12 00 00 0000 0.000 300 0.170 0.265 00.0;
C427= + 027.0 150 100 050 05 010 20 02 12 00 00 0000 0.000 300 0.150 0.225 00.0;
C423= + 023.0 150 100 050 05 010 15 02 13 00 00 0000 0.000 300 0.130 0.185 00.0;
C419= + 019.0 150 100 050 05 010 15 02 12 00 00 0000 0.000 300 0.110 0.155 00.0;
C415= + 015.0 150 100 050 05 008 12 02 12 00 00 0000 0.000 300 0.090 0.125 85.0;
C413= + 013.0 150 100 050 05 008 12 02 12 00 00 0000 0.000 300 0.080 0.105 75.0;
C411= + 011.0 150 100 050 05 008 10 01 11 00 00 0000 0.000 300 0.070 0.085 65.0;
C409= + 009.0 150 080 050 05 008 10 01 11 00 00 0000 0.000 300 0.060 0.065 55.0;
C407= + 007.0 130 060 055 05 008 08 01 11 00 00 0000 0.000 300 0.050 0.045 45.0;
C405= + 005.0 100 060 055 05 008 08 01 11 00 00 0000 0.000 300 0.040 0.035 35.0;
C404= + 004.0 080 060 055 05 008 06 01 11 00 00 0000 0.000 300 0.035 0.025 28.0;
C403= + 003.0 050 050 060 05 008 06 01 11 00 00 0000 0.000 300 0.030 0.018 28.0;
<en