Cu-St1(铜-钢 平面) 
Cu-St2(铜-钢 清角) 
Cu-St3(铜-钢 深孔)
Gr-St1(石墨-钢 平面) 
Gr-St2(石墨-钢 清角) 
Gr-St3(石墨-钢 深孔)
Cu-Wc (铜-钨钢)

C1XX 粗加工参数，电流XX=XX/A
C2XX 中加工参数，电流XX=XX/A
C3XX 细加工参数，电流XX=XX/A
C4XX 粗加工参数，电流XX=X.X/A
C5XX 中加工参数，电流XX=X.X/A
C6XX 细加工参数，电流XX=X.X/A
C7XX 粗加工参数，电流XX=1XX/A
C8XX 中加工参数，电流XX=1XX/A
C9XX 0A加工参数

C405= + 000.5 020 030 065 05 008 04 00 11 00 00 0000 0.000 300 0.014 0.014 17.0;
C505= + 000.5 010 020 065 05 008 04 00 11 00 00 0000 0.000 300 0.012 0.012 17.0;
C605= + 000.5 005 020 065 05 008 04 00 11 00 00 0000 0.000 300 0.010 0.010 10.0;

C101= + 001.0 050 050 060 05 008 06 00 11 00 00 0000 0.000 300 0.018 0.018 28.0;
C201= + 001.0 030 040 060 05 008 06 00 11 00 00 0000 0.000 300 0.016 0.016 22.0;
C301= + 001.0 010 030 060 05 008 06 00 11 00 00 0000 0.000 300 0.014 0.014 22.0;

C415= + 001.5 060 050 060 05 008 06 00 11 00 00 0000 0.000 300 0.015 0.015 22.0;
C515= + 001.5 030 040 060 05 008 06 00 11 00 00 0000 0.000 300 0.016 0.016 22.0;
C615= + 001.5 015 030 060 05 008 06 00 11 00 00 0000 0.000 300 0.015 0.015 22.0;

C102= + 002.0 080 050 060 05 008 06 00 11 00 00 0000 0.000 300 0.020 0.020 28.0;
C202= + 002.0 050 040 060 05 008 06 00 11 00 00 0000 0.000 300 0.018 0.018 22.0;
C302= + 002.0 020 040 060 05 008 06 00 11 00 00 0000 0.000 300 0.015 0.015 22.0;

C103= + 003.0 090 050 060 05 008 06 00 11 00 00 0000 0.000 300 0.022 0.022 28.0;
C203= + 003.0 060 050 060 05 008 06 00 11 00 00 0000 0.000 300 0.020 0.020 28.0;
C303= + 003.0 040 050 060 05 008 06 00 11 00 00 0000 0.000 300 0.020 0.020 28.0;