(No.= PL   IP ON  OFF  SV  S  UP DN LV HV LC PP  LNS  STEP LNM B_OFS S_OFS   RY)
<a1-1
<c>
C101= + 001.0 060 050 060 05 008 06 02 33 00 00 0000 0.000 300 0.020 0.022 28.0;
C101= + 001.0 040 040 060 05 008 06 01 32 00 00 0000 0.000 300 0.015 0.018 22.0;
C005= + 000.5 020 030 065 05 008 04 01 32 00 00 0000 0.000 300 0.015 0.015 17.0;
C005= + 000.5 010 020 065 05 008 04 01 32 00 00 0000 0.000 300 0.010 0.012 17.0;
C900= + 000.0 005 020 070 05 008 04 01 32 00 00 0000 0.000 300 0.005 0.004 17.0;
<ec
<n>
C401= + 001.0 040 050 060 05 008 06 01 32 00 00 0000 0.000 300 0.020 0.020 28.0;
C401= + 001.0 020 040 060 05 008 06 01 32 00 00 0000 0.000 300 0.015 0.015 22.0;
C305= + 000.5 010 030 065 05 008 04 01 32 00 00 0000 0.000 300 0.015 0.012 15.0;
C305= + 000.5 005 020 065 05 008 04 01 32 00 00 0000 0.000 300 0.010 0.010 10.0;
C900= + 000.0 003 015 070 05 008 04 00 32 00 00 0000 0.000 300 0.005 0.004 17.0;
<en
<a2-2
<c>
C102= + 002.0 080 050 060 05 008 06 02 33 00 00 0000 0.000 300 0.020 0.022 28.0;
C015= + 001.5 040 040 060 05 008 06 01 32 00 00 0000 0.000 300 0.015 0.018 22.0;
C101= + 001.0 020 030 065 05 008 04 01 32 00 00 0000 0.000 300 0.010 0.015 17.0;
C005= + 000.5 010 020 065 05 008 04 01 32 00 00 0000 0.000 300 0.010 0.012 17.0;
C900= + 000.0 005 020 070 05 008 04 01 32 00 00 0000 0.000 300 0.005 0.004 17.0;
<ec
<n>
C402= + 002.0 040 050 060 05 008 06 01 32 00 00 0000 0.000 300 0.020 0.020 28.0;
C315= + 001.5 020 040 060 05 008 06 01 32 00 00 0000 0.000 300 0.015 0.015 22.0;
C401= + 001.0 010 030 065 05 008 04 01 32 00 00 0000 0.000 300 0.010 0.012 15.0;
C305= + 000.5 005 020 065 05 008 04 01 32 00 00 0000 0.000 300 0.010 0.010 10.0;
C900= + 000.0 003 015 070 05 008 04 00 32 00 00 0000 0.000 300 0.005 0.004 17.0;
<en
<a3-3
<c>
C103= + 003.0 090 050 060 05 008 06 02 33 00 00 0000 0.000 300 0.025 0.070 28.0;
C102= + 002.0 050 040 060 05 008 06 01 32 00 00 0000 0.000 300 0.020 0.060 22.0;
C101= + 001.0 020 030 065 05 008 04 01 32 00 00 0000 0.000 300 0.015 0.050 17.0;
C005= + 000.5 010 020 065 05 008 04 01 32 00 00 0000 0.000 300 0.010 0.050 17.0;
C900= + 000.0 005 020 070 05 008 04 01 32 00 00 0000 0.000 300 0.005 0.004 17.0;
<ec
<n>
C403= + 003.0 060 050 060 05 008 06 01 32 00 00 0000 0.000 300 0.025 0.070 28.0;
C402= + 002.0 030 040 060 05 008 06 01 32 00 00 0000 0.000 300 0.020 0.060 22.0;
C401= + 001.0 010 030 065 05 008 04 01 32 00 00 0000 0.000 300 0.015 0.050 17.0;
C305= + 000.5 005 020 065 05 008 04 01 32 00 00 0000 0.000 300 0.010 0.050 17.0;
C900= + 000.0 003 015 070 05 008 04 00 32 00 00 0000 0.000 300 0.005 0.004 17.0;
<en
<a4-5
<c>
C105= + 005.0 130 060 055 05 008 08 02 33 00 00 0000 0.000 300 0.035 0.085 35.0;
C104= + 004.0 100 050 055 05 008 08 02 33 00 00 0000 0.000 300 0.030 0.070 28.0;
C103= + 003.0 060 050 060 05 008 06 01 32 00 00 0000 0.000 300 0.025 0.070 28.0;
C102= + 002.0 040 040 060 05 008 06 01 32 00 00 0000 0.000 300 0.020 0.060 22.0;
C101= + 001.0 020 030 065 05 008 04 01 32 00 00 0000 0.000 300 0.015 0.050 17.0;
C005= + 000.5 010 020 065 05 008 04 01 32 00 00 0000 0.000 300 0.010 0.050 17.0;
C900= + 000.0 005 020 070 05 008 04 01 32 00 00 0000 0.000 300 0.005 0.004 17.0;
<ec
<n>
C405= + 005.0 100 060 055 05 008 08 01 32 00 00 0000 0.000 300 0.035 0.085 35.0;
C404= + 004.0 080 060 055 05 008 08 01 32 00 00 0000 0.000 300 0.030 0.070 28.0;
C403= + 003.0 050 050 060 05 008 06 01 32 00 00 0000 0.000 300 0.025 0.070 28.0;
C402= + 002.0 030 040 060 05 008 06 01 32 00 00 0000 0.000 300 0.020 0.060 22.0;
C401= + 001.0 010 030 065 05 008 04 01 32 00 00 0000 0.000 300 0.015 0.050 17.0;
C305= + 000.5 005 020 065 05 008 04 01 32 00 00 0000 0.000 300 0.010 0.050 17.0;
C900= + 000.0 003 015 070 05 008 04 01 32 00 00 0000 0.000 300 0.005 0.004 17.0;
<en
<a6-7
<c>
C107= + 007.0 160 080 055 05 008 10 02 33 00 00 0000 0.000 300 0.045 0.110 45.0;
C105= + 005.0 130 060 055 05 008 08 02 33 00 00 0000 0.000 300 0.035 0.085 35.0;
C104= + 004.0 100 050 055 05 008 08 01 32 00 00 0000 0.000 300 0.030 0.070 28.0;
C103= + 003.0 060 050 060 05 008 06 01 32 00 00 0000 0.000 300 0.025 0.070 28.0;
C102= + 002.0 040 040 060 05 008 06 01 32 00 00 0000 0.000 300 0.020 0.060 22.0;
C101= + 001.0 020 030 065 05 008 04 01 32 00 00 0000 0.000 300 0.015 0.050 17.0;
C005= + 000.5 010 020 065 05 008 04 01 32 00 00 0000 0.000 300 0.010 0.050 17.0;
C900= + 000.0 005 020 070 05 008 04 01 32 00 00 0000 0.000 300 0.005 0.004 17.0;
<ec
<n>
C407= + 007.0 130 060 055 05 008 10 01 32 00 00 0000 0.000 300 0.045 0.110 45.0;
C405= + 005.0 100 060 055 05 008 08 01 32 00 00 0000 0.000 300 0.035 0.085 35.0;
C404= + 004.0 080 050 055 05 008 08 01 32 00 00 0000 0.000 300 0.030 0.070 28.0;
C403= + 003.0 050 050 060 05 008 06 01 32 00 00 0000 0.000 300 0.025 0.070 28.0;
C402= + 002.0 020 040 060 05 008 06 01 32 00 00 0000 0.000 300 0.020 0.060 22.0;
C401= + 001.0 010 030 065 05 008 04 01 32 00 00 0000 0.000 300 0.015 0.050 17.0;
C305= + 000.5 005 020 065 05 008 04 01 32 00 00 0000 0.000 300 0.010 0.050 17.0;
C900= + 000.0 003 015 070 05 008 04 00 32 00 00 0000 0.000 300 0.005 0.004 17.0;
<en
<a8-11
<c>
C111= + 011.0 220 100 050 05 008 10 02 33 00 00 0000 0.000 300 0.065 0.140 65.0;
C109= + 009.0 190 080 050 05 008 10 02 33 00 00 0000 0.000 300 0.055 0.130 55.0;
C107= + 007.0 160 080 055 05 008 08 02 32 00 00 0000 0.000 300 0.045 0.110 45.0;
C105= + 005.0 130 060 055 05 008 08 01 32 00 00 0000 0.000 300 0.035 0.085 35.0;
C104= + 004.0 100 050 055 05 008 06 01 32 00 00 0000 0.000 300 0.030 0.070 28.0;
C103= + 003.0 060 050 060 05 008 06 01 32 00 00 0000 0.000 300 0.025 0.070 28.0;
C102= + 002.0 040 040 060 05 008 04 01 32 00 00 0000 0.000 300 0.020 0.060 22.0;
C101= + 001.0 020 030 065 05 008 04 01 32 00 00 0000 0.000 300 0.015 0.050 17.0;
C005= + 000.5 010 020 065 05 008 04 01 32 00 00 0000 0.000 300 0.010 0.050 17.0;
<ec
<n>
C411= + 011.0 190 100 050 05 008 10 01 32 00 00 0000 0.000 300 0.065 0.140 65.0;
C409= + 009.0 160 080 050 05 008 10 01 32 00 00 0000 0.000 300 0.055 0.130 55.0;
C407= + 007.0 130 060 055 05 008 08 01 32 00 00 0000 0.000 300 0.045 0.110 45.0;
C405= + 005.0 100 060 055 05 008 08 01 32 00 00 0000 0.000 300 0.035 0.085 35.0;
C404= + 004.0 080 050 055 05 008 06 01 32 00 00 0000 0.000 300 0.030 0.070 28.0;
C403= + 003.0 050 050 060 05 008 06 01 32 00 00 0000 0.000 300 0.025 0.070 28.0;
C402= + 002.0 020 040 060 05 008 04 01 32 00 00 0000 0.000 300 0.020 0.060 22.0;
C401= + 001.0 010 030 065 05 008 04 01 32 00 00 0000 0.000 300 0.015 0.050 17.0;
C305= + 000.5 005 020 065 05 008 04 01 32 00 00 0000 0.000 300 0.010 0.050 17.0;
<en
<a12-15
<c>
C115= + 015.0 280 100 050 05 008 32 02 33 00 00 0000 0.000 300 0.085 0.180 85.0;
C113= + 013.0 250 100 050 05 008 32 02 33 00 00 0000 0.000 300 0.075 0.160 75.0;
C111= + 011.0 220 100 050 05 008 10 02 33 00 00 0000 0.000 300 0.065 0.140 65.0;
C109= + 009.0 190 080 050 05 008 10 02 33 00 00 0000 0.000 300 0.055 0.130 55.0;
C107= + 007.0 160 080 055 05 008 08 01 32 00 00 0000 0.000 300 0.045 0.110 45.0;
C105= + 005.0 130 060 055 05 008 08 01 32 00 00 0000 0.000 300 0.035 0.085 35.0;
C104= + 004.0 100 050 055 05 008 06 01 32 00 00 0000 0.000 300 0.030 0.070 28.0;
C103= + 003.0 060 050 060 05 008 06 01 32 00 00 0000 0.000 300 0.025 0.070 28.0;
C102= + 002.0 040 040 060 05 008 06 01 32 00 00 0000 0.000 300 0.020 0.060 22.0;
C101= + 001.0 020 030 065 05 008 04 01 32 00 00 0000 0.000 300 0.015 0.050 17.0;
<ec
<n>
C415= + 015.0 250 100 050 05 008 32 01 32 00 00 0000 0.000 300 0.085 0.180 85.0;
C413= + 013.0 220 100 050 05 008 32 01 32 00 00 0000 0.000 300 0.075 0.160 75.0;
C411= + 011.0 190 100 050 05 008 10 01 32 00 00 0000 0.000 300 0.065 0.140 65.0;
C409= + 009.0 160 080 050 05 008 10 01 32 00 00 0000 0.000 300 0.055 0.130 55.0;
C407= + 007.0 130 060 055 05 008 08 01 32 00 00 0000 0.000 300 0.045 0.110 45.0;
C405= + 005.0 100 060 055 05 008 08 01 32 00 00 0000 0.000 300 0.035 0.085 35.0;
C404= + 004.0 080 050 055 05 008 06 01 32 00 00 0000 0.000 300 0.030 0.070 28.0;
C403= + 003.0 050 050 060 05 008 06 01 32 00 00 0000 0.000 300 0.025 0.070 28.0;
C402= + 002.0 020 040 060 05 008 06 01 32 00 00 0000 0.000 300 0.020 0.060 22.0;
C401= + 001.0 010 030 065 05 008 04 01 32 00 00 0000 0.000 300 0.015 0.050 17.0;
<en
<a16-23
<c>
C123= + 023.0 360 110 050 05 010 15 02 33 00 00 0000 0.000 300 0.120 0.240 00.0;
C119= + 019.0 320 100 050 05 010 15 02 33 00 00 0000 0.000 300 0.100 0.210 00.0;
C115= + 015.0 280 100 050 05 008 32 02 33 00 00 0000 0.000 300 0.080 0.180 85.0;
C113= + 013.0 250 100 050 05 008 32 02 33 00 00 0000 0.000 300 0.070 0.160 75.0;
C111= + 011.0 220 100 050 05 008 10 02 33 00 00 0000 0.000 300 0.060 0.140 65.0;
C109= + 009.0 190 080 050 05 008 10 01 32 00 00 0000 0.000 300 0.050 0.130 55.0;
C107= + 007.0 160 080 055 05 008 08 01 32 00 00 0000 0.000 300 0.040 0.110 45.0;
C105= + 005.0 130 060 055 05 008 08 01 32 00 00 0000 0.000 300 0.030 0.085 35.0;
C104= + 004.0 100 050 055 05 008 06 01 32 00 00 0000 0.000 300 0.025 0.070 28.0;
C103= + 003.0 060 050 060 05 008 06 01 32 00 00 0000 0.000 300 0.020 0.070 28.0;
C102= + 002.0 040 040 060 05 008 06 01 32 00 00 0000 0.000 300 0.015 0.060 22.0;
<ec
<n>
C423= + 023.0 320 110 050 05 010 15 01 32 00 00 0000 0.000 300 0.120 0.240 00.0;
C419= + 019.0 280 100 050 05 010 15 01 32 00 00 0000 0.000 300 0.100 0.210 00.0;
C415= + 015.0 250 100 050 05 008 32 01 32 00 00 0000 0.000 300 0.080 0.180 85.0;
C413= + 013.0 220 100 050 05 008 32 01 32 00 00 0000 0.000 300 0.070 0.160 75.0;
C411= + 011.0 190 100 050 05 008 10 01 32 00 00 0000 0.000 300 0.060 0.140 65.0;
C409= + 009.0 160 080 050 05 008 10 01 32 00 00 0000 0.000 300 0.050 0.130 55.0;
C407= + 007.0 130 060 055 05 008 08 01 32 00 00 0000 0.000 300 0.040 0.110 45.0;
C405= + 005.0 100 060 055 05 008 08 01 32 00 00 0000 0.000 300 0.030 0.085 35.0;
C404= + 004.0 080 050 055 05 008 06 01 32 00 00 0000 0.000 300 0.025 0.070 28.0;
C403= + 003.0 050 050 060 05 008 06 01 32 00 00 0000 0.000 300 0.020 0.070 28.0;
C402= + 002.0 020 040 060 05 008 06 01 32 00 00 0000 0.000 300 0.015 0.060 22.0;
<en
<a24-31
<c>
C131= + 031.0 450 120 050 05 010 20 02 33 00 00 0000 0.000 300 0.160 0.300 00.0;
C127= + 027.0 400 120 050 05 010 20 02 33 00 00 0000 0.000 300 0.140 0.270 00.0;
C123= + 023.0 360 110 050 05 010 15 02 33 00 00 0000 0.000 300 0.120 0.240 00.0;
C119= + 019.0 320 100 050 05 010 15 02 33 00 00 0000 0.000 300 0.100 0.210 00.0;
C115= + 015.0 280 100 050 05 008 32 02 33 00 00 0000 0.000 300 0.080 0.180 85.0;
C113= + 013.0 250 100 050 05 008 32 01 32 00 00 0000 0.000 300 0.070 0.160 75.0;
C111= + 011.0 220 100 050 05 008 10 01 32 00 00 0000 0.000 300 0.060 0.140 65.0;
C109= + 009.0 190 080 050 05 008 10 01 32 00 00 0000 0.000 300 0.050 0.130 55.0;
C107= + 007.0 160 080 055 05 008 08 01 32 00 00 0000 0.000 300 0.040 0.110 45.0;
C105= + 005.0 130 060 055 05 008 08 01 32 00 00 0000 0.000 300 0.030 0.085 35.0;
C104= + 004.0 100 050 055 05 008 06 01 32 00 00 0000 0.000 300 0.025 0.070 28.0;
C103= + 003.0 060 050 060 05 008 06 01 32 00 00 0000 0.000 300 0.020 0.070 28.0;
<ec
<n>
C431= + 031.0 400 120 050 05 010 20 01 32 00 00 0000 0.000 300 0.160 0.300 00.0;
C427= + 027.0 360 120 050 05 010 20 01 32 00 00 0000 0.000 300 0.140 0.270 00.0;
C423= + 023.0 320 110 050 05 010 15 01 32 00 00 0000 0.000 300 0.120 0.240 00.0;
C419= + 019.0 280 100 050 05 010 15 01 32 00 00 0000 0.000 300 0.100 0.210 00.0;
C415= + 015.0 250 100 050 05 008 12 01 32 00 00 0000 0.000 300 0.080 0.180 85.0;
C413= + 013.0 220 100 050 05 008 12 01 32 00 00 0000 0.000 300 0.070 0.160 75.0;
C411= + 011.0 190 100 050 05 008 10 01 32 00 00 0000 0.000 300 0.060 0.140 65.0;
C409= + 009.0 160 080 050 05 008 10 01 32 00 00 0000 0.000 300 0.050 0.130 55.0;
C407= + 007.0 130 060 055 05 008 08 01 32 00 00 0000 0.000 300 0.040 0.110 45.0;
C405= + 005.0 100 060 055 05 008 08 01 32 00 00 0000 0.000 300 0.030 0.085 35.0;
C404= + 004.0 080 050 055 05 008 06 01 32 00 00 0000 0.000 300 0.025 0.070 28.0;
C403= + 003.0 050 050 060 05 008 06 01 32 00 00 0000 0.000 300 0.020 0.070 28.0;
<en
<a32-47
<c>
C147= + 047.0 550 150 050 05 015 25 02 33 00 00 0000 0.000 300 0.200 0.450 00.0;
C139= + 039.0 500 120 050 05 015 20 02 33 00 00 0000 0.000 300 0.180 0.380 00.0;
C131= + 031.0 450 120 050 05 010 20 02 33 00 00 0000 0.000 300 0.160 0.300 00.0;
C127= + 027.0 400 120 050 05 010 20 02 33 00 00 0000 0.000 300 0.140 0.270 00.0;
C123= + 023.0 360 110 050 05 010 15 02 33 00 00 0000 0.000 300 0.120 0.240 00.0;
C119= + 019.0 320 100 050 05 010 15 02 33 00 00 0000 0.000 300 0.100 0.210 00.0;
C115= + 015.0 280 100 050 05 008 12 01 32 00 00 0000 0.000 300 0.080 0.180 85.0;
C113= + 013.0 250 100 050 05 008 12 01 32 00 00 0000 0.000 300 0.070 0.160 75.0;
C111= + 011.0 220 100 050 05 008 10 01 32 00 00 0000 0.000 300 0.060 0.140 65.0;
C109= + 009.0 190 080 050 05 008 10 01 32 00 00 0000 0.000 300 0.050 0.130 55.0;
C107= + 007.0 160 080 055 05 008 08 01 32 00 00 0000 0.000 300 0.040 0.110 45.0;
C405= + 005.0 100 060 055 05 008 08 01 32 00 00 0000 0.000 300 0.030 0.085 35.0;
C404= + 004.0 080 050 055 05 008 06 01 32 00 00 0000 0.000 300 0.025 0.070 28.0;
<ec
<n>
C447= + 047.0 500 150 050 05 015 25 01 32 00 00 0000 0.000 300 0.200 0.450 00.0;
C439= + 039.0 450 120 050 05 015 20 01 32 00 00 0000 0.000 300 0.180 0.380 00.0;
C431= + 031.0 400 120 050 05 010 20 01 32 00 00 0000 0.000 300 0.160 0.300 00.0;
C427= + 027.0 360 120 050 05 010 20 01 32 00 00 0000 0.000 300 0.140 0.270 00.0;
C423= + 023.0 320 110 050 05 010 15 01 32 00 00 0000 0.000 300 0.120 0.240 00.0;
C419= + 019.0 280 100 050 05 010 15 01 32 00 00 0000 0.000 300 0.100 0.210 00.0;
C415= + 015.0 250 100 050 05 008 32 01 32 00 00 0000 0.000 300 0.080 0.180 85.0;
C413= + 013.0 220 100 050 05 008 32 01 32 00 00 0000 0.000 300 0.070 0.160 75.0;
C411= + 011.0 190 100 050 05 008 10 01 32 00 00 0000 0.000 300 0.060 0.140 65.0;
C409= + 009.0 160 080 050 05 008 10 01 32 00 00 0000 0.000 300 0.050 0.130 55.0;
C407= + 007.0 130 060 055 05 008 08 01 32 00 00 0000 0.000 300 0.040 0.110 45.0;
C405= + 005.0 100 060 055 05 008 08 01 32 00 00 0000 0.000 300 0.030 0.085 35.0;
C404= + 004.0 080 050 055 05 008 06 01 32 00 00 0000 0.000 300 0.025 0.070 28.0;
<en
<a48-63
<c>
C163= + 063.0 650 150 050 05 015 25 02 33 00 00 0000 0.000 300 0.200 0.610 00.0;
C155= + 055.0 600 150 050 05 015 25 02 33 00 00 0000 0.000 300 0.200 0.530 00.0;
C147= + 047.0 550 150 050 05 015 25 02 33 00 00 0000 0.000 300 0.200 0.450 00.0;
C139= + 039.0 500 120 050 05 015 20 02 33 00 00 0000 0.000 300 0.180 0.380 00.0;
C131= + 031.0 450 120 050 05 010 20 02 33 00 00 0000 0.000 300 0.160 0.300 00.0;
C127= + 027.0 400 120 050 05 010 20 02 33 00 00 0000 0.000 300 0.140 0.270 00.0;
C123= + 023.0 360 110 050 05 010 15 02 33 00 00 0000 0.000 300 0.120 0.240 00.0;
C119= + 019.0 320 100 050 05 010 15 02 33 00 00 0000 0.000 300 0.100 0.210 00.0;
C115= + 015.0 280 100 050 05 008 12 01 32 00 00 0000 0.000 300 0.080 0.180 85.0;
C113= + 013.0 250 100 050 05 008 12 01 32 00 00 0000 0.000 300 0.070 0.160 75.0;
C111= + 011.0 220 100 050 05 008 10 01 32 00 00 0000 0.000 300 0.060 0.140 65.0;
C109= + 009.0 190 080 050 05 008 10 01 32 00 00 0000 0.000 300 0.050 0.130 55.0;
C107= + 007.0 160 080 055 05 008 08 01 32 00 00 0000 0.000 300 0.040 0.110 45.0;
C405= + 005.0 100 060 055 05 008 08 01 32 00 00 0000 0.000 300 0.030 0.085 35.0;
<ec
<n>
C463= + 063.0 600 150 050 05 015 25 01 32 00 00 0000 0.000 300 0.200 0.610 00.0;
C455= + 055.0 550 150 050 05 015 25 01 32 00 00 0000 0.000 300 0.200 0.530 00.0;
C447= + 047.0 500 150 050 05 015 25 01 32 00 00 0000 0.000 300 0.200 0.450 00.0;
C439= + 039.0 450 120 050 05 015 20 01 32 00 00 0000 0.000 300 0.180 0.380 00.0;
C431= + 031.0 400 120 050 05 010 20 01 32 00 00 0000 0.000 300 0.160 0.300 00.0;
C427= + 027.0 360 120 050 05 010 20 01 32 00 00 0000 0.000 300 0.140 0.270 00.0;
C423= + 023.0 320 110 050 05 010 15 01 32 00 00 0000 0.000 300 0.120 0.240 00.0;
C419= + 019.0 280 100 050 05 010 15 01 32 00 00 0000 0.000 300 0.100 0.210 00.0;
C415= + 015.0 250 100 050 05 008 32 01 32 00 00 0000 0.000 300 0.080 0.180 85.0;
C413= + 013.0 220 100 050 05 008 32 01 32 00 00 0000 0.000 300 0.070 0.160 75.0;
C411= + 011.0 190 100 050 05 008 10 01 32 00 00 0000 0.000 300 0.060 0.140 65.0;
C409= + 009.0 160 080 050 05 008 10 01 32 00 00 0000 0.000 300 0.050 0.130 55.0;
C407= + 007.0 130 060 055 05 008 08 01 32 00 00 0000 0.000 300 0.040 0.110 45.0;
C405= + 005.0 100 060 055 05 008 08 01 32 00 00 0000 0.000 300 0.030 0.085 35.0;
<en
<a64-79
<c>
C179= + 079.0 700 120 050 05 015 20 02 33 00 00 0000 0.000 300 0.200 0.380 00.0;
C163= + 063.0 650 150 050 05 015 25 02 33 00 00 0000 0.000 300 0.200 0.610 00.0;
C155= + 055.0 600 150 050 05 015 25 02 33 00 00 0000 0.000 300 0.200 0.530 00.0;
C147= + 047.0 550 150 050 05 015 25 02 33 00 00 0000 0.000 300 0.200 0.450 00.0;
C139= + 039.0 500 120 050 05 015 20 02 33 00 00 0000 0.000 300 0.180 0.380 00.0;
C131= + 031.0 450 120 050 05 010 20 02 33 00 00 0000 0.000 300 0.160 0.300 00.0;
C127= + 027.0 400 120 050 05 010 20 02 33 00 00 0000 0.000 300 0.140 0.270 00.0;
C123= + 023.0 360 110 050 05 010 15 02 33 00 00 0000 0.000 300 0.120 0.240 00.0;
C119= + 019.0 320 100 050 05 010 15 02 33 00 00 0000 0.000 300 0.100 0.210 00.0;
C115= + 015.0 280 100 050 05 008 12 01 32 00 00 0000 0.000 300 0.080 0.180 85.0;
C113= + 013.0 250 100 050 05 008 12 01 32 00 00 0000 0.000 300 0.070 0.160 75.0;
C111= + 011.0 220 100 050 05 008 10 01 32 00 00 0000 0.000 300 0.060 0.140 65.0;
C109= + 009.0 190 080 050 05 008 10 01 32 00 00 0000 0.000 300 0.050 0.130 55.0;
C107= + 007.0 160 080 055 05 008 08 01 32 00 00 0000 0.000 300 0.040 0.110 45.0;
<ec
<n>
C479= + 079.0 650 120 050 05 015 20 01 32 00 00 0000 0.000 300 0.200 0.380 00.0;
C463= + 063.0 600 150 050 05 015 25 01 32 00 00 0000 0.000 300 0.200 0.610 00.0;
C455= + 055.0 550 150 050 05 015 25 01 32 00 00 0000 0.000 300 0.200 0.530 00.0;
C447= + 047.0 500 150 050 05 015 25 01 32 00 00 0000 0.000 300 0.200 0.450 00.0;
C439= + 039.0 450 120 050 05 015 20 01 32 00 00 0000 0.000 300 0.180 0.380 00.0;
C431= + 031.0 400 120 050 05 010 20 01 32 00 00 0000 0.000 300 0.160 0.300 00.0;
C427= + 027.0 360 120 050 05 010 20 01 32 00 00 0000 0.000 300 0.140 0.270 00.0;
C423= + 023.0 320 110 050 05 010 15 01 32 00 00 0000 0.000 300 0.120 0.240 00.0;
C419= + 019.0 280 100 050 05 010 15 01 32 00 00 0000 0.000 300 0.100 0.210 00.0;
C415= + 015.0 250 100 050 05 008 32 01 32 00 00 0000 0.000 300 0.080 0.180 85.0;
C413= + 013.0 220 100 050 05 008 32 01 32 00 00 0000 0.000 300 0.070 0.160 75.0;
C411= + 011.0 190 100 050 05 008 10 01 32 00 00 0000 0.000 300 0.060 0.140 65.0;
C409= + 009.0 160 080 050 05 008 10 01 32 00 00 0000 0.000 300 0.050 0.130 55.0;
C407= + 007.0 130 060 055 05 008 08 01 32 00 00 0000 0.000 300 0.040 0.110 45.0;
<en
<a80-95
<c>
C195= + 095.0 700 150 050 05 015 25 02 33 00 00 0000 0.000 300 0.200 0.530 00.0;
C179= + 079.0 700 120 050 05 015 20 02 33 00 00 0000 0.000 300 0.200 0.380 00.0;
C163= + 063.0 650 150 050 05 015 25 02 33 00 00 0000 0.000 300 0.200 0.610 00.0;
C155= + 055.0 600 150 050 05 015 25 02 33 00 00 0000 0.000 300 0.200 0.530 00.0;
C147= + 047.0 550 150 050 05 015 25 02 33 00 00 0000 0.000 300 0.200 0.450 00.0;
C139= + 039.0 500 120 050 05 015 20 02 33 00 00 0000 0.000 300 0.180 0.380 00.0;
C131= + 031.0 450 120 050 05 010 20 02 33 00 00 0000 0.000 300 0.160 0.300 00.0;
C127= + 027.0 400 120 050 05 010 20 02 33 00 00 0000 0.000 300 0.140 0.270 00.0;
C123= + 023.0 360 110 050 05 010 15 02 33 00 00 0000 0.000 300 0.120 0.240 00.0;
C119= + 019.0 320 100 050 05 010 15 02 33 00 00 0000 0.000 300 0.100 0.210 00.0;
C115= + 015.0 280 100 050 05 008 12 01 32 00 00 0000 0.000 300 0.080 0.180 85.0;
C113= + 013.0 250 100 050 05 008 12 01 32 00 00 0000 0.000 300 0.070 0.160 75.0;
C111= + 011.0 220 100 050 05 008 10 01 32 00 00 0000 0.000 300 0.060 0.140 65.0;
C109= + 009.0 190 080 050 05 008 10 01 32 00 00 0000 0.000 300 0.050 0.130 55.0;
C107= + 007.0 160 080 055 05 008 08 01 32 00 00 0000 0.000 300 0.040 0.110 45.0;
<ec
<n>
C495= + 095.0 650 150 050 05 015 25 01 32 00 00 0000 0.000 300 0.200 0.530 00.0;
C479= + 079.0 650 120 050 05 015 20 01 32 00 00 0000 0.000 300 0.200 0.380 00.0;
C463= + 063.0 600 150 050 05 015 25 01 32 00 00 0000 0.000 300 0.200 0.610 00.0;
C455= + 055.0 550 150 050 05 015 25 01 32 00 00 0000 0.000 300 0.200 0.530 00.0;
C447= + 047.0 500 150 050 05 015 25 01 32 00 00 0000 0.000 300 0.200 0.450 00.0;
C439= + 039.0 450 120 050 05 015 20 01 32 00 00 0000 0.000 300 0.180 0.380 00.0;
C431= + 031.0 400 120 050 05 010 20 01 32 00 00 0000 0.000 300 0.160 0.300 00.0;
C427= + 027.0 360 120 050 05 010 20 01 32 00 00 0000 0.000 300 0.140 0.270 00.0;
C423= + 023.0 320 110 050 05 010 15 01 32 00 00 0000 0.000 300 0.120 0.240 00.0;
C419= + 019.0 280 100 050 05 010 15 01 32 00 00 0000 0.000 300 0.100 0.210 00.0;
C415= + 015.0 250 100 050 05 008 32 01 32 00 00 0000 0.000 300 0.080 0.180 85.0;
C413= + 013.0 220 100 050 05 008 32 01 32 00 00 0000 0.000 300 0.070 0.160 75.0;
C411= + 011.0 190 100 050 05 008 10 01 32 00 00 0000 0.000 300 0.060 0.140 65.0;
C409= + 009.0 160 080 050 05 008 10 01 32 00 00 0000 0.000 300 0.050 0.130 55.0;
C407= + 007.0 130 060 055 05 008 08 01 32 00 00 0000 0.000 300 0.040 0.110 45.0;
<en


